geocommit (1.0)
lat: -34.912123
long: -56.159322
hacc: 100.0
src: cl
